100 4895 144800 4740 137000 4884 140300 4944 140600 4814 141300 4884 180100 4845 143800 4929 149900 4929 147900 4940 148000 4814 148400 4935 143800 4859 158500 4940 118900 4814 42100 4944 48400 4935 22800 4914 25200 4884 21800 4740 21200 4859 30800 4797 21900 4914 21500 4940 22500 4929 21900 4895 21500 4905 22200 4950 22300 4929 21800 4895 22300 4895 21700 4760 21200 4950 21100 4950 22000 4914 60100 4845 21400 4914 20800 4845 20500 4740 21100 4895 20900
200 19855 76400 19747 77500 19795 78800 19764 86100 19690 75400 19435 78000 19809 80400 19845 79800 19872 78200 19435 78300 19690 76500 19780 76700 19894 77400 19894 75600 19690 78900 19855 78000 19780 74600 19879 77700 19890 81600 19897 79400 19647 77700 19404 77900 19549 77000 19747 78700 19795 76200 19795 77400 19885 78900 19822 84400 19897 83300 19710 79900 19747 78400 19879 81600 19900 82800 19600 80600 19845 80300 19897 79900 19729 82700 19690 78400 19897 79000 19834 78300
300 44714 171500 43947 163800 44829 171300 44640 131800 44714 123000 44354 124600 44550 115900 44525 120000 44499 121000 44619 121600 44805 120400 44814 117100 44640 124000 44640 116500 44550 122500 44415 115500 44679 123100 44784 122600 44574 121100 44772 115800 44847 122300 44597 118100 44730 125700 44640 65300 44640 66200 44255 73100 44660 77700 44255 78600 44697 62300 44322 70600 44574 78900 44795 81300 44619 79900 44574 80900 44784 66700 44745 70300 44784 75400 44714 78900 44784 63400 44772 71000
400 79629 135100 79745 108200 79365 172900 79569 117200 79610 120500 79304 134300 79304 105400 78980 127100 79590 105300 79097 126600 79272 114400 79500 127200 79629 130700 79524 104900 79335 129000 79722 113500 79239 146100 79304 133700 78810 209900 79680 124400 79647 142400 79664 107400 79475 135500 79695 133300 79097 108300 79772 136900 79569 140000 79709 111000 79569 132800 79394 113800 79722 129500 79800 112200 79779 116800 79547 161600 79304 112200 79647 139200 79590 120300 79709 121900 78672 133000 79394 109100
500 123847 174100 124540 161200 124344 170200 124695 174600 124285 167100 124372 185800 123804 184700 124645 161800 123970 175900 124614 169300 124254 195700 124645 160100 124519 181700 124155 182000 124450 165700 124399 174800 124579 163300 124705 166100 124450 180300 124560 167500 124084 157400 123889 191700 124474 172400 124120 172700 124372 179300 124450 181800 124705 168300 124597 195700 124659 191400 124672 165300 123574 167900 124540 193000 124519 175300 124519 166900 124750 193300 123889 179100 124714 169800 124695 200200 124425 167400 124285 173700
600 179685 283200 178920 227600 179529 249700 178269 221100 178920 233700 178797 239900 179490 225200 179694 226000 179510 233900 179694 220000 178104 234600 179529 227600 178374 228000 178374 239700 179529 222200 179172 230900 179322 223400 179139 246800 179700 234800 179447 233300 179447 240700 179679 230100 179622 223100 179447 218000 179634 257400 179694 228900 179294 234400 179105 227100 179105 220900 179034 226400 179469 242700 179034 234300 179349 228700 178997 235100 178920 213500 179235 232200 179609 230200 178920 228300 179265 235300 179580 234900
700 244154 297700 242439 346700 244122 300900 242880 317200 241875 318800 244440 309300 244419 295200 243984 285200 244614 270400 243165 292200 243569 301400 244622 271100 244325 281900 244350 335000 244215 265000 243984 1027400 244244 299800 244325 275400 244614 311000 243615 278800 243870 262000 243054 303900 244514 278400 244635 305200 243219 295000 243324 260000 243324 299700 244215 284300 244530 343400 243947 299600 244440 292000 244460 290200 244479 287500 244497 362600 244374 271600 244397 287300 244629 304200 243425 300500 244374 331300 244649 282400
800 317044 680300 318325 512200 319135 602700 318472 493400 319347 401200 319135 359600 318739 338700 319222 363900 319509 372600 319222 347400 319222 433900 319300 388600 319165 388600 319165 1068800 318739 349800 318780 365200 319039 360100 319390 360000 318934 348200 319039 440800 319572 351000 319390 352200 317115 355600 319300 343200 319429 353800 318897 398700 319369 356100 319135 357200 318654 357400 319039 365000 318325 587400 317389 613800 319369 397700 317115 443100 318897 454800 319579 417000 319347 359400 318565 370800 318654 366200 318375 357500
900 402780 455900 404319 432900 403374 432800 403010 453300 402597 430500 403920 433300 404054 407900 403770 435400 403770 412500 404379 420200 404430 437300 403809 427600 404115 448000 403604 480100 403119 427500 403884 416200 404550 422200 404115 430300 404054 432100 404144 448200 404360 423400 403730 426200 404319 413900 403730 425700 402204 417600 403955 457100 403809 432500 403689 422700 402954 478700 402659 434000 404522 470000 404340 599100 404340 575700 404199 587300 404472 620600 404144 607200 404225 472300 404115 420400 404340 435000 403955 422500
1000 498797 507600 496014 500000 499310 1243900 498225 499800 499065 519200 499455 499000 498465 513500 499310 497100 499200 507100 499094 515000 497730 576300 498759 512700 499290 509000 498419 528500 499200 484500 498834 489500 499380 563000 498122 546200 498275 590900 498069 842800 498554 647800 498870 495300 499347 491300 498597 502400 499329 575700 499065 501700 497609 525400 496725 1237500 499494 506200 499464 506000 499224 600600 497289 483000 498015 504100 498069 507100 499247 505300 499395 496900 498069 502700 499269 505900 498015 512000 498225 492000
5000 12483472 13259000 12495154 13836400 12495015 13544900 12497472 14587700 12480295 13494700 12493845 13236400 12496639 13333100 12497200 13224900 12495484 13304000 12497422 13214400 12496639 13137400 12495730 13206300 12492550 13954400 12481569 13752300 12493584 24146300 12494650 13630400 12483970 14177100 12497065 13389500 12493672 13141700 12488854 13216100 12471622 13215000 12491722 13087500 12497395 13031100 12493672 12980200 12490714 12855900 12492844 13254800 12496069 13223200 12494097 13396300 12495960 13205600 12496680 13441700 12494799 14244400 12488184 13083000 12496275 13246100 12487347 13068700 12495960 13197200 12496639 13464100 12490830 13259300 12491935 14186600 12492450 14066500 12486474 13680900
10000 49958685 69030400 49979247 70767500 49991997 66729100 49989747 68933000 49993569 69066400 49987619 68378900 49993725 68114000 49991597 69954600 49994810 66816500 49977795 69558500 49987497 71855300 49980972 69412500 49978347 70434100 49976085 69239000 49994010 70055300 49993460 70137800 49988559 70249000 49990995 68476400 49994922 68099400 49990050 71417600 49990344 68282000 49992855 69573300 49955379 70832400 49990247 67770200 49974497 66935700 49994880 67672700 49990722 68000500 49992515 69499800 49994504 70921800 49989329 72912100 49992585 69943800 49985684 71497500 49984989 68576100 49974090 67644900 49993725 69367600 49973472 67065300 49987125 68602600 49993347 68927500 49989644 68623000 49978710 68409800
