100 602 47200 616 27800 562 25300 691 27500 642 23800 600 24800 757 38900 679 19900 613 17000 641 4100 714 4300 675 3900 672 4000 624 4100 569 3700 569 3700 703 4200 596 3800 637 4000 733 4100 699 3900 604 3600 634 3900 709 3900 594 3600 608 3700 697 3700 676 3800 695 7000 619 3700 623 3800 724 3800 561 3700 631 3700 637 4000 748 4100 601 3700 567 3600 570 3700 665 3800
200 1718 11700 2013 9400 1515 8200 1415 8000 1544 8600 1591 8500 1523 8100 1580 8400 1496 8200 1431 8100 1383 8100 1600 8700 1449 8300 1638 8400 1554 8800 1712 8600 1551 9200 1728 8500 1526 8200 1394 8100 1583 8600 1433 8400 1448 8000 1765 8900 1515 8400 1628 8400 1687 8700 1526 19500 1479 8200 1584 8300 1477 8300 1622 9300 1522 8600 1572 8300 1608 8400 1354 8100 1530 8200 1563 8800 1489 8300 1593 8300
300 2940 14100 2387 13600 2360 12900 2380 13100 2641 14000 2464 13500 2676 13400 2324 13200 2937 14500 2442 13100 2580 13400 2906 14500 2623 13800 2412 13200 2279 13000 2600 13500 2316 12900 3022 14300 2462 13300 3082 13900 2501 13400 2718 13500 2737 13900 2551 13500 2480 13300 2500 13500 2452 13200 2394 13400 2652 26200 2501 15200 2669 15400 2275 13600 2570 14200 2706 28300 2747 8900 2666 9000 2596 8500 2569 8400 2779 8300 2334 8900
400 3365 12200 3690 11300 3562 12000 3419 11600 4118 11400 3899 11800 4022 11500 3363 11900 3566 11200 3610 11700 3489 11600 3663 11500 3588 11500 3511 11700 3495 11100 3509 10900 3352 10900 3550 10600 3974 10500 3787 11200 3849 10800 3344 21700 4283 10400 3562 10800 3659 10700 3846 10800 3695 10500 4317 10700 3343 10700 3656 10600 3530 10600 3452 10800 3653 10600 4086 10400 3631 10600 3369 10600 3811 10300 3365 10700 4040 10300 3987 9900
500 4945 13300 4564 13200 4915 12900 4843 13200 4821 12800 4489 13200 4957 13000 4785 12900 4818 13100 4839 13000 4598 13400 5245 12700 4747 13000 4967 12900 4727 13200 4721 12700 4818 12900 4629 13100 4965 12800 4836 13100 4972 13000 4555 12800 4430 13200 4627 13200 4997 15800 4566 13200 4564 13100 5157 13200 4864 12900 4654 13200 4417 13600 4808 13200 4794 13400 4902 13100 5113 12800 4554 13300 5173 12800 5194 13400 4558 13500 4368 13300
600 6203 16300 6012 16100 6050 15900 5844 16800 6242 15900 5329 16200 6117 16000 5826 15900 5424 16200 5897 16500 6202 16000 5826 15900 6315 16000 6694 15300 6451 16300 5521 16400 5463 16200 5973 16100 7209 16000 5999 16500 6503 15900 5530 16500 6066 24300 5680 16200 6070 16300 5957 15800 6126 15800 6584 16400 5654 16100 5593 15900 5573 16200 5746 15900 5373 16300 5664 16500 6122 16600 6907 16900 5666 16400 6192 16300 6323 16000 5872 16500
700 7483 20000 7165 20000 8035 20000 7283 18900 8024 19900 7479 19400 7013 19900 7183 19100 7783 20500 6834 19300 7522 19800 6616 19600 6525 19700 6655 19900 7025 29000 7262 19500 6685 19400 7048 20100 6900 19200 6919 19400 6651 19600 6812 19200 6545 20200 7129 35500 8048 30800 6767 30900 7261 31300 8499 30200 7350 32100 6354 30800 7119 33700 7301 29400 6920 30000 7272 23100 6751 22000 7147 22600 7201 21800 7380 21900 7393 21600 7442 20700
800 8359 25400 9815 24500 8666 24900 7931 25400 8907 23800 8945 23700 7968 23500 7757 23700 8649 23000 8259 22800 7837 23100 8216 22900 8303 22900 8785 23600 8083 23400 7966 22900 7269 25100 9190 23500 8963 23100 8494 29300 8233 23300 8701 23200 8792 22300 8472 22600 8367 22900 8797 22500 7994 24500 7892 22900 7981 23300 7856 22700 8748 23100 8899 23500 7836 23200 8493 22700 8498 23100 8148 23200 8690 22400 7735 23900 8467 22200 7717 22500
900 9841 25100 9386 24900 9352 25400 10290 25700 9739 25400 9479 29400 10172 25100 8948 25800 9132 25500 9477 25200 9052 25700 9321 25200 9103 25500 9884 25200 9207 25000 10042 30000 10374 29000 9431 27600 11559 26600 9424 25900 9518 26500 9500 26100 10489 25900 9744 26100 9597 25700 9591 25900 9965 26200 9590 25600 9829 62100 9823 47400 10236 30300 9197 28900 9434 27200 9286 26800 9783 26300 9742 25300 9115 26000 10414 25600 10438 29300 9562 30100
1000 11041 33900 10390 33500 12905 34200 10707 99700 10319 31300 10306 32000 10416 30800 10647 33300 10817 72700 10442 47600 10830 48800 9700 41700 10367 40900 11117 40100 10893 39600 11277 40000 11644 39600 10047 40400 10744 34300 10546 30500 11918 30300 10599 29000 10630 28700 11385 28600 10409 29000 11329 29600 11723 28900 11169 33100 10817 32100 12325 30300 10912 29600 11515 29700 11134 29100 10589 30100 12973 30300 10275 29500 10553 29800 11272 29700 10204 28700 10124 29000
5000 71607 169800 65952 173100 68309 174400 71841 176300 69802 172300 74175 167500 68100 175200 71503 172900 71100 175700 74690 169000 68562 180500 74008 170500 70020 170100 72114 170900 70495 173500 70693 172100 71309 167000 68408 170200 74290 173500 69190 171700 69713 171700 76491 168800 72647 170700 67339 171600 68551 174600 68362 171500 71158 169400 70143 171800 75809 169900 70126 171000 67984 170300 69918 173300 68400 170600 66501 174000 70789 172600 68315 170300 68671 168200 72701 165300 73405 168100 69547 172200
10000 150455 378700 150167 371300 153464 367100 159759 379800 149636 376800 171050 373400 158307 418100 158570 552200 156373 498900 149810 470700 159260 463000 153444 521800 165467 359700 168238 374100 146816 378500 166266 367500 174786 1108200 159344 367700 153013 598800 159664 370200 155063 374800 150342 374400 155710 375200 160429 369000 151049 369500 155300 483100 152503 413500 154835 365300 153569 361400 151040 372800 150632 372200 155431 370800 163542 367000 150885 364500 153610 373400 151378 365000 161075 377200 166490 400000 156978 369800 169880 366100
